# additional parameters for SFAC line
fp = 0.00
fpp=  0.00
mu = 0.00

# crystallographic parameters
ca1             = 63.2771      
ca2             = 17.1048     
ca3             = 4.51992    
ca4             = 0.951752  
cb1             = 1969.84  
cb2             = 515.325  
cb3             = 115.728  
cb4             = 17.492   
cc              = 0.0777587

load 'common.plot'
